{
  "ETHUSDT_20260504_001": -2.2663884644847907,
  "ETHUSDT_20260504_002": -2.2663884644847907,
  "ETHUSDT_20260504_003": -2.2663884644847907
}